A
a.................................................6: 1	2	3	4	5	6	
aa................................................1: 1	
I
if................................................6: 1	2	3	4	5	6	
is................................................6: 1	2	3	4	5	6	
O
of................................................6: 1	2	3	4	5	6	
P
peck..............................................6: 1	2	3	4	5	6	
peter.............................................6: 1	2	3	4	5	6	
piper.............................................6: 1	2	3	4	5	6	
picked............................................6: 1	2	3	4	5	6	
peppers...........................................6: 1	2	3	4	5	6	
pickled...........................................6: 1	2	3	4	5	6	
T
the...............................................6: 1	2	3	4	5	6	
that..............................................6: 1	2	3	4	5	6	
W
where.............................................6: 1	2	3	4	5	6	
